Date,Description,Debit,Credit,Balance
2023-02-01,UPI/P2A/303203616264/AMIT WADH/ICICI Ban/UPI,,5000.0,1595520.24
2023-02-02,IMPS/P2A/303311939289/SPORTSTH/YESBANKL/Landcraf,,43000.0,1638520.24
2023-02-03,UPI/P2A/303435238612/PRATIMA  /State Ban/NA,,10000.0,1648520.24
2023-02-04,BY CASH DEPOSIT-BNA/CPRH09504/9406/040223/GHAZIAB,,5000.0,1653520.24
2023-02-04,RTGS/ESFBR52023020452992933/MERIDIAN CITY PROJECT,,2260384.0,3913904.24
2023-02-06,UPI/P2A/340320374316/SUPRIYA J/HDFC BANK/little,,25000.0,3938904.24
2023-02-07,MOB/TPFT/CHOCOHOME/918020054516753,,18000.0,3956904.24
2023-02-07,INB/715168046/TIN 2.0 CBDT TAX PAYMENT/,860000.0,,3096904.24
2023-02-07,INB/715167662/TIN 2.0 CBDT TAX PAYMENT/,31450.0,,3065454.24
2023-02-07,INB/715168640/TIN 2.0 CBDT TAX PAYMENT/,28276.0,,3037178.24
2023-02-07,INB/715169189/TIN 2.0 CBDT TAX PAYMENT/,21007.0,,3016171.24
2023-02-07,INB/715169359/TIN 2.0 CBDT TAX PAYMENT/,1200.0,,3014971.24
2023-02-07,INB/715169565/TIN 2.0 CBDT TAX PAYMENT/,2613.0,,3012358.24
2023-02-08,By Clg 457578 015  Delhi,,15000.0,3027358.24
2023-02-08,TRANSFER/MB/25-1076653045-1/CAKE N KRUST,,35000.0,3062358.24
2023-02-10,INB/718645929/ESIC PAYMENTS/ESIC JAN 2023,12751.0,,3049607.24
2023-02-11,UPI/P2A/340818419590/SANTOSH K/Punjab Na/NA,,25000.0,3074607.24
2023-02-11,NEFT/N042232328743901/AKANKSHA HOME SOLUTIONS/STA,,16000.0,3090607.24
2023-02-11,INB/718880419//7202222583634822600,112888.0,,2977719.24
2023-02-13,IMPS/P2A/304417911729/HANIKUMA/CITIBANK/OTHERS,,5000.0,2982719.24
2023-02-14,NEFT/UCBAH23045172970/HI TECH WORLD SCHOOL//FAST/,,18000.0,3000719.24
2023-02-14,TRF/ASHIANA LE RESIDENCY APARTMENT OWNERS ASSOCIA,,709997.0,3710716.24
2023-02-14,MOB/TPFT/CHAVI GARG/916010007834878,,10000.0,3720716.24
2023-02-14,IMPS/P2A/304520800349/PRATIKSH/ICICIBAN/,,10000.0,3730716.24
2023-02-15,IMPS/P2A/304610132902/PRATIKSH/ICICIBAN/Event,,8000.0,3738716.24
2023-02-15,NEFT/000809625351/SAPPHIRE INTERNATIONAL SCHOOL//,,16000.0,3754716.24
2023-02-17,GST @18% on Charge,18.0,,3754698.24
2023-02-17,Consolidated Charges for A/c,100.0,,3754598.24
2023-02-19,MOB/TPFT/CHAVI GARG/916010007834878,,5000.0,3759598.24
2023-02-20,INB/715280153/GST TAX PAYMENT/GST PAYMENT,428285.0,,3331313.24
2023-02-21,IMPS/P2A/305212015747/DONALDSP/KOTAKMAH/FLOWER SH,,25000.0,3356313.24
2023-02-23,BRN-CLG-CHQ PAID TO VINOD JAIN     /PUNJAB NATIONA,1000000.0,,2356313.24
2023-03-02,RTGS/SK/UTIBR52023030200356087/095/EEEUDD /ICICI,1673523.0,,682790.24
2023-03-02,SAK NEFT/RTGS Charges on Rs.1673523 at SOL:095,59.0,,682731.24
2023-03-06,INB/715410558/TIN 2.0 CBDT TAX PAYMENT/,34169.0,,648562.24
2023-03-06,INB/715411872/TIN 2.0 CBDT TAX PAYMENT/,2898.0,,645664.24
2023-03-06,INB/715411425/TIN 2.0 CBDT TAX PAYMENT/,3000.0,,642664.24
2023-03-06,INB/715414182/TIN 2.0 CBDT TAX PAYMENT/,2206.0,,640458.24
2023-03-06,INB/715416149/TIN 2.0 CBDT TAX PAYMENT/,630000.0,,10458.24
2023-03-13,TRF/ASHIANA LE RESIDENCY APARTMENT OWNERS ASSOCIA,,478340.0,488798.24
2023-03-13,RTGS/INDBR32023031300665924/LANDCRAFT DEVELOPERS,,300000.0,788798.24
2023-03-14,INB/723376317/ESIC PAYMENTS/ESIC FEB 2023,12496.0,,776302.24
2023-03-14,INB/723438197//6876921543460721560,107686.0,,668616.24
2023-03-17,GST @18% on Charge,18.0,,668598.24
2023-03-17,Consolidated Charges for A/c,100.0,,668498.24
2023-03-18,INB/715589429/GST TAX PAYMENT/GST PAYMENT,54604.0,,613894.24
2023-03-28,RTGS/ICICR42023032800535113/DIOS IMPEX PVT LTD//U,,500000.0,1113894.24
