Date,Description,Debit,Credit,Balance
2022-12-12,INB/709960460/ESIC PAYMENTS/ESIC NOV 2022,13932.0,,70325.24
2022-12-13,TRF/ASHIANA LE RESIDENCY APARTMENT OWNERS ASSOCIA,,512407.0,582732.24
2022-12-13,INB/710244727//8120725524126725550,127581.0,,455151.24
2022-12-16,GST @18% on Charge,18.0,,455133.24
2022-12-16,Consolidated Charges for A/c,100.0,,455033.24
2022-12-20,INB/714660042/GST TAX PAYMENT/GST PAYMENT,92879.0,,362154.24
2022-12-23,TRF/MERIDIAN CITY PROJECT PRIVATE LIMITED/TRFR,,700000.0,1062154.24
2022-12-27,BRN-CLG-CHQ PAID TO VINOD JAIN     /PUNJAB NATIONA,1000000.0,,62154.24
2023-01-10,TRF/ASHIANA LE RESIDENCY APARTMENT OWNERS ASSOCIA,,560102.0,622256.24
2023-01-12,INB/714602944/ESIC PAYMENTS/ESIC DEC 2022,12973.0,,609283.24
2023-01-12,INB/714606225//7875924733996724770,123676.0,,485607.24
2023-01-14,GST @18% on Charge,18.0,,485589.24
2023-01-14,Consolidated Charges for A/c,100.0,,485489.24
2023-01-22,UPI/P2A/338878260047/AJAY  KUM/State Ban/FS 2023,,15000.0,500489.24
2023-01-24,MOB/TPFT/VARUN VERMA/912010006459731,,15000.0,515489.24
2023-01-25,UPI/P2A/302512655297/SANDEEP R/Paytm Pay/NA,,25000.0,540489.24
2023-01-25,"NEFT/IN4ON23012502EES/ANSHU KUM/STANDARD
//ACC/FL",,18000.0,558489.24
2023-01-25,UPI/P2A/302537103666/ANSHU/Axis Bank/UPI,,15000.0,573489.24
2023-01-26,UPI/P2A/302680095578/SHIMONA R/Punjab Na/Payment,,15000.0,588489.24
2023-01-27,RTGS/HDFCR52023012778231096/LANDCRA/HDFC BA//FAST,,2000000.0,2588489.24
2023-01-27,INB/715033079/GST TAX PAYMENT/GST PAYMENT,1450969.0,,1137520.24
2023-01-28,UPI/P2A/302862343912/PRIYA SIN/HDFC BANK/fs 2023,,15000.0,1152520.24
2023-01-30,NEFT/SDL122440325/SIMPLY FASHION/,,13000.0,1165520.24
2023-01-30,UPI/P2A/303013273708/AMIT WADH/HDFC BANK/UPI,,5000.0,1170520.24
2023-01-31,UPI/P2A/339718385185/DEEPIKA A/Bank of B/NA,,15000.0,1185520.24
2023-01-31,BRN-CLG-CHQ PAID TO VINOD JAIN     /PUNJAB NATIONA,1000000.0,,185520.24
2023-01-31,UPI/P2A/303148215662/PRATIMA  /State Ban/NA,,5000.0,190520.24
2023-01-31,TRF/MERIDIAN CITY PROJECT PRIVATE LIMITED/chq,,1400000.0,1590520.24
