Date,Description,Debit,Credit,Balance
2022-04-04,INB/711643609/INTERNET TAX PAYMENT/TDS ON PROPERT,114023.0,,10126059.24
2022-04-04,RTGS/SK/UTIBR52022040400374129/095/LANDCRA/HDFC B,7000000.0,,3126059.24
2022-04-04,SAK NEFT/RTGS Charges on Rs.7000000 at SOL:095,59.0,,3126000.24
2022-04-13,INB/677583379/ESIC PAYMENTS/Esic Mar2022,19096.0,,3106904.24
2022-04-14,INB/677743765//9584030174895830180,150833.0,,2956071.24
2022-04-16,TRF/ASHIANA LE RESIDENCY APARTMENT OWNERS ASSOCIA,,523568.0,3479639.24
2022-04-16,RTGS/IDFBR52022041600469201/MERIDIAN CITY PROJECT,,460000.0,3939639.24
2022-04-16,RTGS/ESFBR52022041651872290/MERIDIAN CITY PROJECT,,1000000.0,4939639.24
2022-04-16,BY CASH DEPOSIT-BNA/CPRH09511/3427/160422/GHAZIAB,,104500.0,5044139.24
2022-04-16,BY CASH DEPOSIT-BNA/CPRH09511/3429/160422/GHAZIAB,,11500.0,5055639.24
2022-04-16,RTGS/SK/UTIBR52022041600368654/095/EXECUTI/ICICI,5042753.0,,12886.24
2022-04-16,SAK NEFT/RTGS Charges on Rs.5042753 at SOL:095,59.0,,12827.24
2022-04-16,GST @18% on Charge,18.0,,12809.24
2022-04-16,Consolidated Charges for A/c,100.0,,12709.24
2022-05-06,BRN-STOP PAYMENT CHARGES/CHQ-496140,118.0,,12591.24
2022-05-11,TRF/ASHIANA LE RESIDENCY APARTMENT OWNERS ASSOCIA,,1047588.0,1060179.24
2022-05-12,INB/712170606/GST TAX PAYMENT/GST PAYMENT,183275.0,,876904.24
2022-05-12,RTGS/ESFBR52022051251947452/MERIDIAN CITY PROJECT,,1000000.0,1876904.24
2022-05-12,RTGS/IDFBR52022051200671433/MERIDIAN CITY PROJECT,,500000.0,2376904.24
2022-05-12,TRF/MERIDIAN CITY PROJECT PRIVATE LIMITED/By chq,,500000.0,2876904.24
2022-05-12,INB/681341295/ESIC PAYMENTS/ESI APRIL 2022,17745.0,,2859159.24
2022-05-12,INB/681351085//9570530144897330160,150708.0,,2708451.24
2022-05-12,INB/681351423//1223500651390,2413.0,,2706038.24
2022-05-14,GST @18% on Charge,18.0,,2706020.24
2022-05-14,Consolidated Charges for A/c,100.0,,2705920.24
2022-05-17,NEFT/IDFBH22137766216/MERIDIAN CITY PROJEC//ATTN/,,6107081.0,8813001.24
2022-05-17,RTGS/SK/UTIBR52022051700365110/095/EEE UDD/ICICI,8500000.0,,313001.24
2022-05-17,SAK NEFT/RTGS Charges on Rs.8500000 at SOL:095,59.0,,312942.24
2022-05-17,TRF/PAWAN KUMAR GARG/TRF,,300000.0,612942.24
2022-05-21,RTGS/SK/UTIBR52022052100362690/095/LANDCRA/INDUSI,500000.0,,112942.24
2022-05-21,SAK NEFT/RTGS Charges on Rs.500000 at SOL:095,29.5,,112912.74
2022-05-25,INB/712269797/GST TAX PAYMENT/GST PAYMENT,3228.0,,109684.74
2022-05-30,Dup Statement chrg+GST/XX8151/3006129,88.5,,109596.24
2022-05-31,INB/712310742/INTERNET TAX PAYMENT/TDS ON SALARY,36110.0,,73486.24
2022-06-10,INB/712482431/GST TAX PAYMENT/GST PAYMENT,65734.0,,7752.24
2022-06-13,TRF/MERIDIAN CITY PROJECT PRIVATE LIMITED/,,141128.0,148880.24
2022-06-14,INB/685388085/ESIC PAYMENTS/esic payment May 2022,17796.0,,131084.24
2022-06-14,TRF/ASHIANA LE RESIDENCY APARTMENT OWNERS ASSOCIA,,1174451.0,1305535.24
2022-06-14,INB/685433401//9672330474951930480,152337.0,,1153198.24
2022-06-14,TRF/MERIDIAN CITY PROJECT PRIVATE LIMITED/By chq,,1300000.0,2453198.24
2022-06-14,RTGS/ESFBR52022061452049668/MERIDIAN CITY PROJECT,,3500000.0,5953198.24
2022-06-14,RTGS/IDFBR52022061400519563/MERIDIAN CITY PROJECT,,200000.0,6153198.24
2022-06-14,RTGS/SK/UTIBR52022061400364960/095/EEE UDD/ICICI,1022546.0,,5130652.24
2022-06-14,SAK NEFT/RTGS Charges on Rs.1022546 at SOL:095,59.0,,5130593.24
2022-06-14,RTGS/SK/UTIBR52022061400365031/095/EEE UDD/ICICI,5000000.0,,130593.24
2022-06-14,SAK NEFT/RTGS Charges on Rs.5000000 at SOL:095,59.0,,130534.24
2022-06-14,NEFT/N165221999264607/LANDCRAFT DEVELOPERS PRIVAT,,100000.0,230534.24
2022-06-16,RTGS/HDFCR52022061675722700/LANDCRAFT DEVELOPERS,,2500000.0,2730534.24
2022-06-16,RTGS/SK/UTIBR52022061600362806/095/EEE UDD/ICICI,2500000.0,,230534.24
2022-06-16,SAK NEFT/RTGS Charges on Rs.2500000 at SOL:095,59.0,,230475.24
2022-06-18,RTGS/ESFBR52022061852063873/MERIDIAN CITY PROJECT,,1000000.0,1230475.24
2022-06-18,GST @18% on Charge,18.0,,1230457.24
2022-06-18,Consolidated Charges for A/c,100.0,,1230357.24
2022-06-22,INB/712616919/GST TAX PAYMENT/GST PAYMENT,400.0,,1229957.24
2022-06-24,By Clg 000682 229  Delhi,,2000000.0,3229957.24
2022-06-24,By Clg 000683 229  Delhi,,1000000.0,4229957.24
2022-06-29,BRN-CLG-CHQ PAID TO SAIDHAM SERVICE/YES BANK LTD,297000.0,,3932957.24
2022-06-29,RTGS/SK/UTIBR52022062900359701/095/LANDCRA/CANAR A,2200000.0,,1732957.24
2022-06-29,SAK NEFT/RTGS Charges on Rs.2200000 at SOL:095,59.0,,1732898.24
2022-06-29,RTGS/ESFBR52022062952098266/MERIDIAN CITY PROJECT,,1076826.0,2809724.24
2022-06-29,RTGS/SK/UTIBR52022062900366345/095/EEE UDD/ICICI,2000000.0,,809724.24
2022-06-29,SAK NEFT/RTGS Charges on Rs.2000000 at SOL:095,59.0,,809665.24
